
Parsing document succeeded.
20141108201001
20141108202001
20141108203001
20141108204001
20141108205001
20141108210001
20141108211001
20141108212002
20141108213001
20141108214002
20141108215001
20141108220001
20141108221001
20141108222001
20141108223001
20141108224002
20141108225001
20141108230001
20141108231001
20141108232001
20141108233001
20141108234001
20141108235002
20141109000001
20141109001001
20141109002001
20141109003001
20141109004002
20141109005001
20141109010001
20141109011002
20141109012001
20141109013001
20141109014001
20141109015001
20141109020001
20141109021001
20141109022001
20141109023001
20141109024002
20141109025001
20141109030001
20141109031001
20141109032002
20141109033001
20141109034001
20141109035001
20141109040002
20141109041001
20141109042002
20141109043001
20141109044001
20141109045002
20141109050001
20141109051001
20141109052002
20141109053001
20141109054001
20141109055002
20141109060002
20141109061001
20141109062002
20141109063001
20141109064001
20141109065001
20141109070001
20141109071002
20141109072001
20141109073001
20141109074001
20141109075001
20141109080001
20141109081002
20141109082001
20141109083001
20141109084001
20141109085001
20141109090001
20141109091001
20141109092001
20141109093001
20141109094001
20141109095001
20141109100001
20141109101002
20141109102001
20141109103001
20141109104001
20141109105001
20141109110001
20141109111001
20141109112001
20141109113002
20141109114001
20141109115001
20141109120001
20141109121001
20141109122001
20141109123001
20141109124001
20141109125001
20141109130002
20141109131001
20141109132001
20141109133001
20141109134001
20141109135001
20141109140002
20141109141001
20141109142001
20141109143001
20141109144001
20141109145002
20141109150001
20141109151002
20141109152001
20141109153001
20141109154001
20141109155001
20141109160001
20141109161002
20141109162001
20141109163001
20141109164001
20141109165001
20141109170001
20141109171001
20141109172002
20141109173001
20141109174001
20141109175001
20141109180001
20141109181001
20141109182001
20141109183001
20141109184002
20141109185001
20141109190001
20141109191001
20141109192001
20141109193002
20141109194001
20141109195002
20141109200001
20141109201001
20141109202001
20141109203001
20141109204001
20141109205001
20141109210001
20141109211001
20141109212001
20141109213001
20141109214001
20141109215001
20141109220001
20141109221001
20141109222001
20141109223001
20141109224001
20141109225001
20141109230001
20141109231001
20141109232001
20141109233001
20141109234001
20141109235001
20141110000001
20141110001001
20141110002001
20141110003001
20141110004001
20141110005002
20141110010001
20141110011001
20141110012001
20141110013001
20141110014001
20141110015001
20141110020001
20141110021002
20141110022002
20141110023001
20141110024001
20141110025001
20141110030002
20141110031001
20141110032001
20141110033001
20141110034001
20141110035001
20141110040001
20141110041001
20141110042001
20141110043001
20141110044001
20141110045002
20141110050001
20141110051001
20141110052001
20141110053001
20141110054001
20141110055001
20141110060002
20141110061001
20141110062001
20141110063001
20141110064001
20141110065001
20141110070002
20141110071001
20141110072001
20141110073001
20141110074001
20141110075001
20141110080001
20141110081001
20141110082001
20141110083001
20141110084001
20141110085001
20141110090002
20141110091001
20141110092001
20141110093002
20141110094001
20141110095001
20141110100001
20141110101001
20141110102001
20141110103001
20141110104001
20141110105001
20141110110001
20141110111001
20141110112001
20141110113001
20141110114001
20141110115001
20141110120001
20141110121001
20141110122001
20141110123001
20141110124001
20141110125001
20141110130001
20141110131001
20141110132001
20141110133001
20141110134001
20141110135001
20141110140001
20141110141001
20141110142001
20141110143001
20141110144001
20141110145001
20141110150001
20141110151001
20141110152002
20141110153002
20141110154001
20141110155001
20141110160002
20141110161001
20141110162001
20141110163001
20141110164002
20141110165001
20141110170001
20141110171001
20141110172001
20141110173002
20141110174001
20141110175001
20141110180001
20141110181001
20141110182001
20141110183001
20141110184002
20141110185001
20141110190001
20141110191001
20141110192001
20141110193002
20141110194001
20141110195001
20141110200001
20141110201001
20141110202001
20141110203001
20141110204001
20141110205001
20141110210001
20141110211001
20141110212001
20141110213001
20141110214001
20141110215001
20141110220002
20141110221002
20141110222001
20141110223001
20141110224001
20141110225001
20141110230001
20141110231001
20141110232001
20141110233001
20141110234001
20141110235001
20141111000001
20141111001001
20141111002001
20141111003001
20141111004001
20141111005001
20141111010001
20141111011001
20141111012001
20141111013001
20141111014002
20141111015001
20141111020001
20141111021002
20141111022001
20141111023002
20141111024001
20141111025001
20141111030001
20141111031001
20141111032001
20141111033001
20141111034002
20141111035001
20141111040001
20141111041001
20141111042001
20141111043001
20141111044001
20141111045001
20141111050002
20141111051001
20141111052001
20141111053001
20141111054001
20141111055001
20141111060001
20141111061001
20141111062002
20141111063001
20141111064001
20141111065001
20141111070001
20141111071001
20141111072001
20141111073001
20141111074001
20141111075001
20141111080001
20141111081001
20141111082001
20141111083002
20141111084001
20141111085001
20141111090002
20141111091001
20141111092001
20141111093001
20141111094002
20141111095001
20141111100002
20141111101001
20141111102001
20141111103002
20141111104002
20141111105001
20141111110002
20141111111001
20141111112001
20141111113001
20141111114001
20141111115002
20141111120001
20141111121002
20141111122002
20141111123002
20141111124001
20141111125002
20141111130001
20141111131001
20141111132001
20141111133001
20141111134002
20141111135002
20141111140002
20141111141001
20141111142001
20141111143001
20141111144001
20141111145001
20141111150001
20141111151002
20141111152002
20141111153002
20141111154002
20141111155002
20141111160002
20141111161001
20141111162001
20141111163001
20141111164001
20141111165001
20141111170001
20141111171001
20141111172002
20141111173001
20141111174002
20141111175002
20141111180001
20141111181001
20141111182001
20141111183001
20141111184002
20141111185002
20141111190001
20141111191002
20141111192002
20141111193001
20141111194001
20141111195002
20141111200002
20141111201002
20141111202001
20141111203001
20141111204001
20141111205002
20141111210001
20141111211001
20141111212002
20141111213001
20141111214002
20141111215002
20141111220001
20141111221001
20141111222001
20141111223001
20141111224001
20141111225001
20141111230001
20141111231001
20141111232001
20141111233002
20141111234001
20141111235001
20141112000001
20141112001001
20141112002001
20141112003001
20141112004001
20141112005001
20141112010002
20141112011001
20141112012001
20141112013001
20141112014001
20141112015001
20141112020001
20141112021001
20141112022001
20141112023001
20141112024002
20141112025002
20141112030001
20141112031001
20141112032001
20141112033001
20141112034001
20141112035001
20141112040001
20141112041001
20141112042001
20141112043001
20141112044001
20141112045002
20141112050001
20141112051001
20141112052001
20141112053001
20141112054001
20141112055001
20141112060001
20141112063001
20141112064001
20141112065002
20141112070001
20141112071001
20141112072001
20141112073001
20141112074001
20141112075001
20141112080001
20141112081001
20141112082001
20141112083001
20141112084001
20141112085002
20141112090001
20141112091001
20141112092001
20141112093001
20141112094001
20141112095001
20141112100001
20141112101001
20141112102001
20141112103002
20141112104001
20141112105001
20141112110001
20141112111001
20141112112002
20141112113001
20141112114001
20141112115001
20141112120001
20141112121001
20141112122001
20141112123001
20141112124001
20141112125002
20141112130001
20141112131002
20141112132001
20141112133001
20141112134002
20141112135001
20141112140001
20141112141001
20141112142001
20141112143001
20141112144001
20141112145001
20141112150001
20141112151001
20141112152001
20141112153001
20141112154001
20141112155001
20141112160001
20141112161001
20141112162001
20141112163001
20141112164001
20141112165001
20141112170001
20141112171001
20141112172001
20141112173002
20141112174001
20141112175001
20141112180001
20141112181001
20141112182001
20141112183002
20141112184001
20141112185001
20141112190001
20141112191001
20141112192001
20141112193001
20141112194001
20141112195001
20141112200001
20141112201001
20141112202001
20141112203001
20141112204001
20141112205001
20141112210001
20141112211002
20141112212001
20141112213001
20141112214001
20141112215001
20141112220001
20141112221002
20141112222002
20141112223001
20141112224001
20141112225001
20141112230001
20141112231001
20141112232001
20141112233001
20141112234001
20141112235001
20141113000001
20141113001001
20141113002001
20141113003001
20141113004001
20141113005001
20141113010002
20141113011002
20141113012001
20141113013001
20141113014001
20141113015001
20141113020001
20141113021001
20141113022001
20141113023001
20141113024001
20141113025001
20141113030001
20141113031001
20141113032001
20141113033001
20141113034001
20141113035001
20141113040001
20141113041001
20141113042001
20141113043001
20141113044001
20141113045001
20141113050001
20141113051001
20141113052001
20141113053001
20141113054001
20141113055001
20141113060002
20141113061001
20141113062001
20141113063002
20141113064001
20141113065001
20141113070002
20141113071001
20141113072001
20141113073001
20141113074001
20141113075001
20141113080001
20141113081001
20141113082001
20141113083001
20141113084001
20141113085001
20141113090002
20141113091001
20141113092001
20141113093002
20141113094001
20141113095002
20141113100001
20141113101001
20141113102002
20141113103001
20141113104002
20141113105002
20141113110001
20141113111001
20141113112001
20141113113002
20141113114001
20141113115001
20141113120001
20141113121001
20141113122002
20141113123001
20141113124001
20141113125001
20141113130001
20141113131001
20141113132001
20141113133001
20141113134001
20141113135001
20141113140001
20141113141001
20141113142001
20141113143002
20141113144001
20141113145001
20141113150001
20141113151001
20141113152001
20141113153001
20141113154001
20141113155001
20141113160001
20141113161002
20141113162001
20141113163001
20141113164001
20141113165001
20141113170001
20141113171001
20141113172001
20141113173001
20141113174001
20141113175001
20141113180001
20141113181002
20141113182001
20141113183001
20141113184001
20141113185001
20141113190001
20141113191001
20141113192001
20141113193001
20141113194001
20141113195001
20141113200001
20141113201002
20141113202002
20141113203001
20141113204001
20141113205001
20141113210001
20141113211001
20141113212001
20141113213002
20141113214001
20141113215001
20141113220002
20141113221001
20141113222001
20141113223001
20141113224001
20141113225002
20141113230001
20141113231001
20141113232001
20141113233001
20141113234001
20141113235001
20141114000001
20141114001001
20141114002001
20141114003001
20141114004001
20141114005001
20141114010001
20141114011001
20141114012001
20141114013001
20141114014001
20141114015001
20141114020001
20141114021001
20141114022001
20141114023002
20141114024001
20141114025001
20141114030002
20141114031001
20141114032001
20141114033001
20141114034002
20141114035001
20141114040001
20141114041001
20141114042001
20141114043001
20141114044001
20141114045001
20141114050001
20141114051002
20141114052001
20141114053001
20141114054002
20141114055001
20141114060002
20141114061001
20141114062002
20141114063001
20141114064001
20141114065001
20141114070002
20141114071001
20141114072001
20141114073002
20141114074001
20141114075001
20141114080001
20141114081001
20141114082001
20141114083001
20141114084001
20141114085001
20141114090001
20141114091002
20141114092001
20141114093001
20141114094001
20141114095001
20141114100001
20141114101001
20141114102001
20141114103001
list size: 2415
